Graph (size 10) :

     0 79 48 72 46 56 49 53 85 93 
    79  0 22 68 37 28 15 38 35 88 
    48 22  0 53 52 68 61 55 60 76 
    72 68 53  0 86 92 38  1 11 93 
    46 37 52 86  0 58 82 63 65 36 
    56 28 68 92 58  0 57 48 57  8 
    49 15 61 38 82 57  0 22 67 50 
    53 38 55  1 63 48 22  0 21 18 
    85 35 60 11 65 57 67 21  0 73 
    93 88 76 93 36  8 50 18 73  0 

nearest :     0 -> 4 -> 9 -> 5 -> 1 -> 6 -> 7 -> 3 -> 8 -> 2 -> 0
ant colony :  0 -> 2 -> 1 -> 6 -> 7 -> 3 -> 8 -> 5 -> 9 -> 4 -> 0
brute force : 0 -> 2 -> 1 -> 6 -> 7 -> 3 -> 8 -> 5 -> 9 -> 4 -> 0

Cost (nearest)    : 275    time: 104 microseconds
Cost (ant colony) : 266    time: 52787 microseconds
Cost (brute force): 266    time: 142010 microseconds